52 32
6
6
6
1 5 4 7 5 4
2 7 5 6 7 7 2
6 7 7 3 6 4 3
3 4 7 2 3 2 3
7 4
7 5
10 5
16 5
20 6
24 7
28 7
6 24 2 5
7 27 6
10 2 31
3 7 33
2 38
2 2 18 6 1 5
2 1 2 12 3 1 4
3 1 10 4 1 5
2 1 10 5 4
2 6 8 1 4 5
3 1 1 6 3 8 3 4
9 1 7 3
1 1 1 7 3
3 9 2
4 5 6 2
12 5
6 5
5
3 3
3 6
2 2 3
2 1 3
2 2 2
3 2 2
2 4 1 1 2
2 5 2 3
2 6 2 1
3 7 1 2
3 8 3 1
2 4 3 1 2
2 3 3 3 2
3 4 2 3 2 1
2 11 2 2
3 6 3 4 2
2 11 2 2
2 11 2 2
1 14 1 2
16 2 2
18 1 1
20 1 2
22 2
22 1
24 1
7 16 2
4 16 1
2 2 18
1 2 9 8
1 2 8 9
2 9 8
2 8 8
2 10 7
2 11 5
3 10 4
2 6 3 3
2 5 2 2
2 5 4 1
2 4 1 2 1
2 5 1
1 1 3
2 2 3
2 2 5
3 11
4 15
3 17
1 11 7
10 6
8 5
4 3
2 1
1
